model,prior_par0_st1_st2,prior_par1_st1_st2,minNegLike,AIC_model,st1_par0,st1_par1,st2_par0,st2_par1
weibull,0.8492 _ 2.5896,2.7907 _ 8.0148,2700.1957643643723,5414.391528728745,1.054699947496914,14.446205333021192,2.053853273119527,4.707537290731314
weibull,2.1311 _ 0.8879,14.5173 _ 0.2111,2700.1957594540722,5414.3915189081445,2.0538560967525292,4.7075319558654485,1.0546968221481432,14.445971458895691
weibull,1.5468 _ 2.2325,11.1637 _ 8.1872,2700.195762626798,5414.391525253596,1.0546980977120473,14.44600752882937,2.0538554487131266,4.707533652202946
weibull,0.5775 _ 2.6777,3.7447 _ 12.7579,2700.1958076735755,5414.391615347151,1.0547016546841022,14.44595226034792,2.053858258879569,4.707528603466852
weibull,0.9544 _ 0.3199,9.2753 _ 3.8236,2700.1957597402325,5414.391519480465,2.0538559579733446,4.707531495799457,1.054695372804538,14.445975624660777
weibull,1.2715 _ 1.4359,6.8005 _ 1.7523,2700.1957596869474,5414.391519373895,1.0547015822889154,14.445816938950237,2.0538595829397575,4.7075247534569655
weibull,0.3952 _ 0.841,11.3938 _ 11.9311,2700.1957614372564,5414.391522874513,1.054703115089458,14.44609005675941,2.053854092603301,4.707537014879931
weibull,1.8712 _ 0.4399,0.1636 _ 2.0566,2944.473336751991,5902.946673503982,1.8711998001865022,0.1636,1.2152946509336773,5.569293396619801
weibull,0.9694 _ 0.5526,2.2158 _ 1.8968,2700.1957655584056,5414.391531116811,2.0538534219597935,4.707536451456821,1.054685543164884,14.445919028527612
weibull,2.3021 _ 2.0338,14.3599 _ 1.798,2700.1957624842667,5414.391524968533,1.0546958809303768,14.44601657137058,2.0538533996521515,4.707533013510779
weibull,0.6984 _ 0.862,9.3676 _ 1.6169,2700.195802780538,5414.391605561076,2.05386247492695,4.707523833669028,1.0547047483847147,14.445780878881378
weibull,0.9759 _ 1.7393,11.863 _ 4.5768,2700.195759857799,5414.391519715598,1.0546956980610556,14.445964476617576,2.0538558476154214,4.707532811004255
weibull,2.0227 _ 2.5391,9.2962 _ 10.4159,2700.195765575677,5414.391531151354,1.054702841605159,14.446053295301656,2.053846943032314,4.707535713730018
weibull,0.199 _ 0.7612,10.1634 _ 2.9259,2700.19576177417,5414.39152354834,1.054699637537041,14.446186628635164,2.0538541184233585,4.707534371729725
weibull,2.4963 _ 1.3917,9.4758 _ 14.3744,2700.1957648203734,5414.391529640747,2.053858128613125,4.707527796797512,1.0546986338228013,14.445967042161092
weibull,2.4473 _ 0.7275,3.1475 _ 13.682,2700.1957649191277,5414.391529838255,2.0538559751170067,4.70753120854995,1.0547028971611716,14.445949910041632
weibull,2.3724 _ 1.0219,1.2925 _ 13.3863,2944.47345159405,5902.9469031881,1.2152938423844828,5.569299119947361,0.6773617821399954,0.01307937115956276
weibull,2.0739 _ 0.328,3.8482 _ 10.947,2700.195764175522,5414.391528351044,2.0538574910777996,4.707531878748028,1.0546961361827778,14.445953533988087
weibull,0.7723 _ 2.4523,14.6541 _ 1.3821,2700.195761906989,5414.391523813978,2.0538523307158596,4.70753607552105,1.054698039162365,14.446053494667474
weibull,1.4727 _ 0.6717,8.1646 _ 2.7181,2700.1957636118786,5414.391527223757,2.053859416351757,4.7075266845168775,1.0546951251064156,14.445815802418055
weibull,2.2374 _ 0.8217,0.781 _ 0.8832,2700.1957627068346,5414.391525413669,2.0538544599821256,4.707530378726572,1.0546966376176103,14.445964679755575
weibull,2.2666 _ 0.3615,13.3506 _ 3.8331,2700.1957980813345,5414.391596162669,1.054688400622329,14.445679195781675,2.0538632863708823,4.70752517438354
weibull,1.8372 _ 0.5162,8.9031 _ 9.2459,2700.1957634419937,5414.391526883987,2.0538560333828384,4.7075319738069235,1.0546969369594583,14.445972285418744
weibull,0.2343 _ 1.9781,0.3992 _ 4.7587,2700.195760399173,5414.391520798346,1.0546969930646317,14.445968236782932,2.0538556586132066,4.7075326581475565
weibull,1.6785 _ 0.6733,7.3973 _ 13.1619,2700.195814043067,5414.391628086134,2.05384840831521,4.707536574674601,1.0546979324198344,14.445987257187548
weibull,2.2612 _ 0.5366,6.5504 _ 13.5131,2700.195763409711,5414.391526819422,2.0538594807074557,4.707526925840122,1.0546961026520616,14.445876974332096
weibull,0.6089 _ 0.2025,6.6439 _ 12.5368,2700.1957615338933,5414.391523067787,2.0538538771746326,4.707534657146503,1.0547055427024763,14.44621284053931
weibull,1.8622 _ 2.4471,9.4832 _ 2.183,2700.195760443236,5414.391520886472,1.0547019413124006,14.44608444302889,2.0538535257044366,4.7075352002744895
weibull,2.5194 _ 1.7463,11.5578 _ 2.5579,2700.195761088799,5414.391522177598,1.0546989573992327,14.446018330671794,2.0538554985942383,4.707533494892416
weibull,2.0689 _ 1.3708,4.1668 _ 12.9495,2700.1957619097448,5414.3915238194895,2.0538533837336055,4.707535302390124,1.0546973741569232,14.44612640422267
weibull,1.9495 _ 1.0184,6.2566 _ 7.9364,2700.195759941308,5414.391519882616,2.0538551484855554,4.7075300205836825,1.0546967800372056,14.445930846179875
weibull,1.8581 _ 0.2147,4.816 _ 8.1059,2700.195761799506,5414.391523599012,2.0538548075371916,4.7075332740693066,1.054697579792043,14.446098513647836
weibull,0.2782 _ 1.4512,5.7525 _ 4.3815,2700.195759656966,5414.391519313932,1.054696324775698,14.445986107399104,2.053855854500036,4.7075319410095116
weibull,1.6689 _ 2.2964,2.2611 _ 8.0804,2700.1957594386836,5414.391518877367,2.053856244501,4.707534397092366,1.0546966218642484,14.445964411321722
weibull,2.4503 _ 1.3495,1.4276 _ 13.044,2700.19576014336,5414.39152028672,2.053851388535537,4.707534116840047,1.0547084465080052,14.446257841290832
weibull,2.2409 _ 2.3562,5.3012 _ 7.2073,2700.1957597328337,5414.391519465667,2.0538582158572374,4.707530360817082,1.0546963460862437,14.445923160971754
weibull,0.1102 _ 0.8964,9.0667 _ 11.0415,2700.1957597607056,5414.391519521411,1.0546996073855608,14.446014600425547,2.0538567603700586,4.7075334537853815
weibull,1.5983 _ 0.2074,10.9973 _ 8.1204,2700.195763352494,5414.391526704988,2.0538547711311455,4.707532773098645,1.0546937426759748,14.446032364722539
weibull,1.7707 _ 2.4068,10.7785 _ 10.4108,2700.1957611746548,5414.3915223493095,1.0546906086744088,14.446107224998116,2.053855159140709,4.707536811931824
weibull,2.4332 _ 1.1536,14.5751 _ 13.425,2700.1957596958573,5414.391519391715,2.0538576720350985,4.707535254968288,1.0546974568284306,14.4460061052884
weibull,2.0267 _ 1.5913,3.1852 _ 10.1309,2700.1957634500313,5414.391526900063,2.0538553842274423,4.707529192427962,1.0546939424253332,14.445887711076193
weibull,1.674 _ 2.0363,0.3083 _ 1.9956,17976931348623157e292,Inf,1.674,0.3083,2.0363,1.9956
weibull,1.2432 _ 0.9211,6.7144 _ 11.3992,2700.1957644988825,5414.391528997765,2.0538570015263584,4.707528271986313,1.0546981866218155,14.445975543928379
weibull,1.0086 _ 0.2184,2.3138 _ 0.1602,2700.195771320669,5414.391542641338,2.053856029010401,4.70753176828936,1.0546965775512505,14.445959804180655
weibull,1.4882 _ 1.4763,5.7019 _ 4.6234,2700.1957620534495,5414.391524106899,1.0546979603765645,14.445988713868427,2.0538527797579755,4.707532813921852
weibull,0.5939 _ 0.3829,8.4822 _ 14.5226,2700.1957601701542,5414.3915203403085,2.0538512638031836,4.707540334101943,1.0546949069315266,14.44612244005688
weibull,2.5737 _ 2.1597,9.9821 _ 3.3869,2700.195759438972,5414.391518877944,1.0546971437487414,14.445970374710031,2.0538561476984256,4.707531811218643
weibull,1.9292 _ 0.4256,11.1486 _ 11.9476,2700.195759566206,5414.391519132412,1.0546958266513993,14.445970292012706,2.0538542526665013,4.707533837707762
weibull,1.8858 _ 1.2002,14.248 _ 9.3336,2700.1957649376686,5414.391529875337,1.054701638790751,14.446122034342855,2.0538557471911716,4.707530872242831
weibull,1.4003 _ 2.3506,0.1178 _ 8.9423,2944.473328860593,5902.946657721186,1.400229640251896,0.1178028644746781,1.2152937622297093,5.569294775360099
weibull,1.4596 _ 1.7367,8.873 _ 5.3531,2700.1957599123416,5414.391519824683,1.054695128285847,14.44592293199094,2.053856501273835,4.707533766333427
weibull,1.9223 _ 2.6268,14.2507 _ 0.1167,2944.4734715418176,5902.946943083635,1.2152935211700293,5.569293813830433,2.6268,0.11669999999999998
weibull,0.0756 _ 1.9902,7.0025 _ 7.1047,2700.195762129111,5414.391524258222,1.0546928360135923,14.445849849469333,2.053854230134611,4.707530907108432
weibull,2.057 _ 0.8628,4.506 _ 5.1227,2700.1957634573087,5414.391526914617,2.053858964448128,4.707528158392603,1.0546993540411105,14.445874869417619
weibull,0.7698 _ 2.1023,1.1732 _ 4.9895,2700.1957598040135,5414.391519608027,1.0546965554879122,14.445965437715742,2.053854985788246,4.707532853866912
weibull,0.3688 _ 2.549,5.65 _ 14.0132,2700.195759851384,5414.391519702768,1.0546974694745428,14.446013481649125,2.0538554990240767,4.707531590099211
weibull,1.405 _ 0.8807,13.2313 _ 7.0884,2700.1958291596347,5414.3916583192695,1.0546949903180907,14.445735922077269,2.0538609363389235,4.707526957038937
weibull,0.0366 _ 1.184,7.7469 _ 11.3707,2700.1957596570082,5414.3915193140165,1.0546980958934467,14.445971376790007,2.0538570649374224,4.707532883891861
weibull,0.5356 _ 2.2873,1.3612 _ 0.4431,2944.4735192448375,5902.947038489675,1.2152945752714395,5.569298982043295,1.2700933095275622,1.0326166743619087
weibull,2.6464 _ 2.1724,8.2817 _ 11.2581,2700.1957606606898,5414.3915213213795,2.0538541212601023,4.707535299953469,1.0547005953379909,14.446106432897098
weibull,2.5153 _ 0.7006,12.9903 _ 14.9934,2700.195763375429,5414.391526750858,2.053853884770999,4.70753494661149,1.0546995591391477,14.445985946276878
weibull,1.5346 _ 2.0955,11.143 _ 6.5752,2700.1957596147995,5414.391519229599,1.0546960946169242,14.44595081885535,2.0538567350140933,4.7075307092876635
weibull,0.4603 _ 0.1221,6.5589 _ 5.0246,2700.1958076264073,5414.3916152528145,2.0538551517007355,4.707532763566526,1.054696732373519,14.445963258531101
weibull,1.4435 _ 0.2052,12.0361 _ 12.8026,2700.1958003130812,5414.3916006261625,2.053858669076165,4.707527877184346,1.0546924870998837,14.44579069713905
weibull,2.6177 _ 0.8875,12.7299 _ 13.2356,2700.195759691118,5414.391519382236,2.0538577157413727,4.707530941233877,1.0546958054395952,14.445965286962265
weibull,0.6441 _ 1.1424,10.8764 _ 14.8068,2700.1957597101764,5414.391519420353,2.053855192596403,4.707532284158548,1.0546947384032705,14.446037028926318
weibull,2.4527 _ 2.029,13.7669 _ 11.2786,2700.195787602094,5414.391575204188,2.053855908339701,4.707534566006791,1.0546952033263302,14.44595488154517
weibull,1.5515 _ 0.8373,13.3815 _ 9.1186,2700.1957601410104,5414.391520282021,1.0547020454698397,14.446018127984257,2.053851968239624,4.707530601010398
weibull,0.187 _ 2.6499,12.7017 _ 9.3667,2700.195761649278,5414.391523298556,1.0547003829225354,14.446047067189703,2.0538571887450803,4.70753147049867
weibull,0.2611 _ 1.7067,2.5243 _ 7.9082,2700.1958001733497,5414.391600346699,1.0547019560424764,14.445948604466162,2.053857889431515,4.70752910820457
weibull,0.1655 _ 1.663,9.9332 _ 13.0681,2700.1957619536156,5414.391523907231,1.0546903182591032,14.4460035631233,2.0538524626951435,4.707536738438713
weibull,0.3792 _ 2.3349,12.3291 _ 2.2069,2700.195759669212,5414.391519338424,2.053856035774757,4.707532166138956,1.054697215100492,14.445972731721906
weibull,0.0622 _ 1.3278,6.9778 _ 2.0321,2700.195791226078,5414.391582452156,1.0546959422592619,14.445967681937352,2.053855778268148,4.707530135673469
weibull,2.102 _ 1.8101,7.8483 _ 11.5564,2700.1957597994087,5414.3915195988175,2.0538558814306866,4.707532280870201,1.054697017146023,14.445977439173188
weibull,2.0576 _ 2.3057,6.5101 _ 5.8696,2700.1957748583654,5414.391549716731,1.0546975281628992,14.445936368820135,2.0538527173982115,4.707534908955205
weibull,1.3463 _ 0.9644,11.6147 _ 0.8772,2700.1957623321705,5414.391524664341,2.0538568337798275,4.707530947900019,1.0547028317482403,14.44598079667327
weibull,1.5929 _ 0.5973,8.3376 _ 11.4769,2700.19575970952,5414.39151941904,2.0538569230115877,4.707531250071034,1.0546977200132985,14.445981273893759
weibull,1.3949 _ 0.1923,6.8814 _ 8.6922,2700.1957642003003,5414.391528400601,2.0538560866123956,4.707532203981438,1.0546971078806922,14.445961154512847
weibull,1.1857 _ 0.4718,13.1217 _ 7.7756,2700.195760104692,5414.391520209384,1.054697965069493,14.445777248344704,2.053861636642725,4.707527061633735
weibull,2.411 _ 1.4738,10.9921 _ 4.577,2700.1957594820274,5414.391518964055,2.053856715663345,4.7075296178930515,1.0546961728227349,14.445948914092003
weibull,2.0082 _ 1.1645,7.6259 _ 13.1357,2700.1958429548304,5414.391685909661,2.0538567764770117,4.707531165311834,1.0546965722100134,14.445908145912405
weibull,2.5285 _ 2.6169,1.4097 _ 5.8011,17976931348623157e292,Inf,2.5285,1.4097,2.6169,5.801099999999999
weibull,2.1452 _ 2.2453,10.2869 _ 3.9893,2700.195762075868,5414.391524151736,1.0546977564256317,14.445980401542258,2.0538561060638565,4.707532510941465
weibull,2.1294 _ 2.0885,9.4928 _ 14.7178,2700.195830157616,5414.391660315232,2.053857454744155,4.70753146797087,1.054698502666737,14.445984580246884
weibull,1.3991 _ 1.8055,3.5065 _ 5.0874,2700.1957624021125,5414.391524804225,1.054703467324694,14.446026624672058,2.0538590450044465,4.70753256695878
weibull,0.4535 _ 0.7863,5.4899 _ 8.2117,2700.1957617931243,5414.391523586249,1.0546914595975374,14.445910850723601,2.053859393719284,4.707527488218118
weibull,1.9494 _ 0.4366,13.9579 _ 10.716,2700.195760670035,5414.39152134007,1.0547012238374072,14.446091201839412,2.0538556304565314,4.70753248245755
weibull,2.4825 _ 0.5162,10.519 _ 11.3469,2700.195760090192,5414.391520180384,1.0546957163992385,14.445901131430158,2.053857967306141,4.707528449448827
weibull,2.3842 _ 1.0283,10.7341 _ 7.8975,2700.195759578337,5414.391519156674,2.0538542920285776,4.707530396627529,1.0546966807780187,14.445937828198149
weibull,1.7769 _ 2.5807,2.1412 _ 11.7467,2700.1957597228684,5414.391519445737,2.053857255671701,4.707530030750652,1.0546979284746407,14.445914464496385
weibull,2.1613 _ 1.7383,7.8476 _ 14.864,2700.195759786292,5414.391519572584,2.0538570213841476,4.707531072104711,1.05469773269946,14.4459855564298
weibull,2.0919 _ 1.0172,5.2809 _ 11.6386,2700.1957598539807,5414.391519707961,2.053856792846491,4.707532632480393,1.0546964418778968,14.445951879745344
weibull,0.2672 _ 1.4764,11.132 _ 4.2953,2700.1957632371887,5414.391526474377,1.0546970317769409,14.44594351520088,2.0538564830212156,4.707531089220918
weibull,0.4419 _ 1.7559,9.4394 _ 7.1077,2700.1958054786874,5414.391610957375,1.0546969788971714,14.445969736462008,2.053856134686297,4.707531935267717
weibull,0.0417 _ 0.6947,14.4839 _ 12.1453,2700.195761443266,5414.391522886532,1.0546931693836628,14.445840385418535,2.05385362773057,4.7075302463382025
weibull,0.7903 _ 0.2316,6.8818 _ 8.7729,2700.1957620372846,5414.391524074569,2.0538556909195282,4.707534757263023,1.0546970603224088,14.44610021480861
weibull,2.594 _ 2.1168,7.2181 _ 2.8742,17976931348623157e292,Inf,2.594,7.2181,2.1168,2.8742
weibull,1.3458 _ 0.8862,11.5939 _ 0.8372,2700.1957625031023,5414.391525006205,2.053857299737573,4.707529592089467,1.0546962750000262,14.445946382778672
weibull,1.2396 _ 0.6733,7.0133 _ 6.7041,2700.195805263517,5414.391610527034,2.053869888873157,4.707520167382043,1.0546815641207092,14.44540673522291
weibull,2.0601 _ 1.7539,7.6408 _ 8.2708,2700.195763260534,5414.391526521068,2.0538579834025774,4.707528268603247,1.0547003513154505,14.445986462902525
gamma,13.7864 _ 11.7685,1.8747 _ 7.1891,2843.428983029319,5700.857966058638,5.143326820725904,3.5368988809627195,1.4654664710140232e-63,933110517421407e20
gamma,11.2654 _ 6.0113,8.386 _ 13.7283,2659.241369576678,5332.482739153356,4.280466986878853,2.2513180259590375,17.342273221896345,15.183036914422905
gamma,0.6217 _ 11.0451,10.312 _ 8.8085,2659.2413848158317,5332.482769631663,17.342297776527058,15.183126759059862,4.280467056993005,2.2513185332067334
gamma,9.2178 _ 2.7746,3.0808 _ 4.6389,2659.2413662895633,5332.482732579127,17.342550976718464,15.183317902003182,4.280472439398478,2.2513251876147105
gamma,10.11 _ 5.9817,10.3414 _ 14.8205,2659.241368702919,5332.482737405838,4.280471389450815,2.2513237933168293,17.342396100694238,15.183225281488589
gamma,0.4976 _ 3.0662,1.3829 _ 1.2259,2659.2413676092174,5332.482735218435,17.342434623662594,15.183243244580794,4.2804714970060935,2.2513219863203124
gamma,10.3817 _ 14.1109,0.7365 _ 8.4431,2659.241366404633,5332.482732809266,4.280470485376157,2.2513217637004566,17.34239829160103,15.18323248412713
gamma,7.0177 _ 7.0369,5.3214 _ 11.5025,2659.241370705319,5332.482741410638,4.280468661037773,2.251319199629756,17.342250540121977,15.183046019696283
gamma,0.7256 _ 13.7436,1.3387 _ 9.914,2659.241376887557,5332.482753775114,4.280474732397338,2.251328215018054,17.342584729496593,15.18333826880805
gamma,6.1458 _ 14.154,7.1864 _ 12.2076,2659.241368217332,5332.482736434664,4.280466349861417,2.2513166730635286,17.34214241292024,15.182976602663588
gamma,9.1718 _ 2.2416,10.843 _ 2.1247,2659.241369564693,5332.482739129386,17.342308357187164,15.183202163806072,4.280466976658857,2.251318357421828
gamma,7.5433 _ 2.1166,3.6408 _ 8.0314,2659.2413666310567,5332.4827332621135,4.280468555897746,2.2513195937444985,17.342378831595752,15.18330444999503
gamma,2.6235 _ 5.9983,1.1892 _ 0.647,2659.241402594727,5332.482805189454,17.34251158955531,15.183296703493381,4.280473992903374,2.2513262645343746
gamma,6.0402 _ 12.8699,12.7457 _ 5.7639,2659.2413700532557,5332.482740106511,17.3424419334489,15.183265021190484,4.280472155637602,2.2513254612426166
gamma,6.2127 _ 2.0215,4.5949 _ 11.5724,2659.241369689425,5332.48273937885,4.280476483734913,2.251328322524719,17.342431929831804,15.18323803791293
gamma,11.5381 _ 8.5044,5.6968 _ 11.641,2659.2414426358987,5332.482885271797,4.280467868517688,2.2513197894756547,17.34234386408151,15.18322889457575
gamma,5.1942 _ 7.8343,11.4913 _ 8.6079,2659.2413701060527,5332.4827402121055,17.342385743596125,15.183204212145341,4.2804696420606625,2.2513214707519094
gamma,11.4244 _ 6.104,12.2617 _ 7.1067,2659.2413662757203,5332.482732551441,17.342479286880554,15.183282494159322,4.280471725507852,2.2513221641902743
gamma,7.2163 _ 6.5191,2.3971 _ 1.2283,2843.428988321927,5700.857976643854,5.912604114353627e-10,7747295.538590179,5.143316034945487,3.5368896901207707
gamma,2.7906 _ 13.4462,8.7827 _ 12.3016,2659.2414630942585,5332.482926188517,4.280464878039318,2.2513167633801445,17.34217276489384,15.182978875482839
gamma,2.4179 _ 2.8566,5.2488 _ 1.144,2659.2413697613083,5332.482739522617,4.28046887230824,2.2513215621405727,17.342468502045453,15.183307512729332
gamma,10.7166 _ 0.7979,14.8221 _ 9.8353,2659.2413663290718,5332.4827326581435,4.280478594632383,2.25133109112709,17.34268543667725,15.183409975010346
gamma,14.6314 _ 7.3605,12.3141 _ 4.4667,2659.2413936202815,5332.482787240563,17.34249671951993,15.183290683596649,4.280472880815767,2.251324882195122
gamma,4.9269 _ 2.257,4.6878 _ 11.4332,2659.2413660821853,5332.482732164371,4.280467885571546,2.25131901544685,17.34232779704926,15.183234667535654
gamma,14.4939 _ 7.0387,6.8735 _ 4.0591,2659.2413661645924,5332.482732329185,17.342458550127677,15.183246236514416,4.280472160944928,2.251323386125171
gamma,0.3832 _ 8.73,0.8905 _ 2.7856,2659.241366297019,5332.482732594038,4.280469946003641,2.2513212149548933,17.342354507671434,15.183195631670735
gamma,4.4827 _ 0.5542,10.378 _ 13.4145,2659.241368117931,5332.482736235862,4.280469388338496,2.251322175308255,17.342459930040256,15.183239841208621
gamma,13.2367 _ 7.5016,0.8286 _ 13.8214,2659.2413662850954,5332.482732570191,4.280469483170093,2.251320787668011,17.342406023866303,15.183246016141016
gamma,9.2057 _ 0.5328,6.0646 _ 4.3411,2659.241367053743,5332.482734107486,4.280473422561639,2.2513260336909453,17.342433199965022,15.183324718143387
gamma,5.4228 _ 13.4571,14.6948 _ 11.0621,2659.2413676749934,5332.482735349987,4.280469889886927,2.251321285923509,17.34236489123555,15.183214032200054
gamma,6.6524 _ 0.8153,3.3133 _ 12.3267,2659.2413681916746,5332.482736383349,4.280477300657642,2.2513288692837885,17.34257575157717,15.183447452540165
gamma,10.4185 _ 11.8678,1.9486 _ 3.9105,2843.4290630029873,5700.858126005975,5.143314347160905,3.536888434286597,7.543907283432016e-63,13215133833260866e24
gamma,9.8139 _ 11.9123,13.3633 _ 3.8541,2824.462408597461,5662.924817194922,44.41252896114467,0.14072600396905513,5.07399762078451,3.428891179261644
gamma,6.4227 _ 1.6545,0.7412 _ 2.113,2659.241369792147,5332.482739584294,4.2804690033232715,2.251320921408358,17.342466942598033,15.183267744380233
gamma,14.8582 _ 0.4447,14.5678 _ 11.2654,2659.2413681341286,5332.482736268257,4.2804625242141965,2.2513145301924196,17.34208169479345,15.182952790358195
gamma,12.3643 _ 2.1616,4.2059 _ 6.9989,2659.241366319561,5332.482732639122,17.34241879375195,15.18324785245543,4.280469468690621,2.2513215051030286
gamma,9.3717 _ 10.3287,2.6176 _ 8.9416,2659.241366181217,5332.482732362434,4.280471153325808,2.251322783903348,17.342369144881726,15.183223900415474
gamma,6.3869 _ 7.4185,4.282 _ 11.3172,2659.2413661783953,5332.482732356791,4.280470411285255,2.251322245693768,17.342403651107503,15.183234919519574
gamma,11.6362 _ 9.7562,0.7822 _ 2.5193,2819.644626673913,5653.289253347826,5.082011127138518,3.4379031520483565,62.96818794161663,6.128474986834926e-5
gamma,1.0682 _ 12.7737,2.2201 _ 0.2824,2843.4289831267324,5700.857966253465,5.143312027627554,3.536883456211727,27526889104969556e9,44.76125268027066
gamma,10.0633 _ 0.5675,10.4047 _ 4.2138,2659.2413679311676,5332.482735862335,4.280468632620223,2.2513192801677877,17.34238386931013,15.183198054699751
gamma,9.0257 _ 0.8174,4.8024 _ 14.3359,2659.2413672481107,5332.482734496221,4.28047329415849,2.251323387010994,17.342506326912943,15.183426331432818
gamma,4.857 _ 0.8783,2.0133 _ 0.9856,2659.2413741430587,5332.482748286117,17.34245148217932,15.183226338933656,4.280470681144557,2.25132233942636
gamma,7.7013 _ 12.4431,2.6818 _ 2.0831,2659.241366238508,5332.482732477016,17.342469505536766,15.183262291655655,4.280471838771012,2.2513234005340546
gamma,8.6065 _ 9.9905,6.305 _ 2.7184,2659.241366022145,5332.48273204429,17.342396650350583,15.183234871442146,4.2804702636787235,2.2513219358968937
gamma,11.2941 _ 7.7604,1.4442 _ 11.554,2659.2413661660457,5332.4827323320915,4.280471470740058,2.2513231426383657,17.34244778601525,15.18325559047412
gamma,0.5987 _ 10.0289,3.2356 _ 8.2006,2659.241394084458,5332.482788168916,17.343139448056323,15.183919089521023,4.280485464987255,2.251337062096355
gamma,11.164 _ 7.9041,1.4078 _ 10.351,2659.2413664626465,5332.482732925293,4.280470610511858,2.2513218103495434,17.342395432814616,15.183254741063331
gamma,14.1575 _ 5.2436,7.9667 _ 1.4206,2659.2413682156393,5332.482736431279,17.342463692926394,15.183288327305464,4.280470121340093,2.2513226807802487
gamma,12.8418 _ 5.478,14.379 _ 0.4423,2659.241366924996,5332.482733849992,4.280464074514962,2.2513149160233077,17.342324446999193,15.183165619208602
gamma,14.5761 _ 0.4357,5.8391 _ 8.8948,2843.4290817109036,5700.858163421807,9.079626356704146e-17,115505028132.52632,5.1433095113190115,3.5368815506725655
gamma,9.1574 _ 8.9149,6.0494 _ 4.7629,2659.241368122001,5332.482736244002,17.342401016828987,15.183298324309837,4.2804747820022255,2.251328195895834
gamma,1.0459 _ 4.3688,7.8842 _ 1.1769,2843.429199476933,5700.858398953866,5.143315987131823,3.5368888270037266,1.0984753427305395e-6,262232.1540081327
gamma,8.7081 _ 14.0188,11.0988 _ 4.0259,2843.4292146791927,5700.858429358385,33913.67450762416,3.4044770984043936e-5,5.143314592051401,3.5368877154451517
gamma,3.7649 _ 11.0521,12.7911 _ 8.8485,2659.2413662270856,5332.482732454171,17.34247190797475,15.183290410856895,4.280472163404923,2.2513249750672633
gamma,5.5242 _ 4.7073,8.5759 _ 9.6023,2832.3808323312755,5678.761664662551,7.211103681109876,2.7405676826201017e-6,5.143646365702814,3.5378203779534183
gamma,6.4728 _ 14.4047,8.4638 _ 9.6612,2659.2413689687696,5332.482737937539,4.280467101537121,2.2513187161619643,17.34221925946028,15.18303946597962
gamma,9.282 _ 9.9594,7.678 _ 3.5634,2659.2413662954314,5332.482732590863,17.342402587038404,15.183239721887356,4.280471557509598,2.251322493142734
gamma,5.4919 _ 9.3716,12.5519 _ 14.9748,2659.24136613216,5332.48273226432,4.280468887432605,2.251320670876211,17.342332873332865,15.1831646233288
gamma,0.3787 _ 10.0548,6.5287 _ 9.7465,2659.2413677949385,5332.482735589877,17.342463708215476,15.183290148649103,4.280470441918182,2.2513218552905143
gamma,11.6771 _ 9.2214,9.4407 _ 5.2411,2659.2414327764927,5332.4828655529855,17.34245642527661,15.183261781064997,4.280474610987521,2.2513278077251515
gamma,11.4598 _ 13.1244,13.5276 _ 6.4638,2659.2413671942045,5332.482734388409,4.280466207164659,2.251317721255576,17.342490002908015,15.18326476120382
gamma,11.2336 _ 1.2415,7.2675 _ 8.2985,2659.2413673921965,5332.482734784393,4.280473191572637,2.2513252846398415,17.342676529493243,15.183390654874133
gamma,5.4531 _ 13.6477,10.2619 _ 14.4135,2659.2413741947994,5332.482748389599,4.280470162561952,2.25132127025076,17.34244280107804,15.183225699632253
gamma,13.2044 _ 5.5566,4.0014 _ 5.4024,2659.2413665920885,5332.482733184177,17.342381976363,15.183193489039853,4.280469659028297,2.251321120789172
gamma,2.5825 _ 14.2245,3.1499 _ 5.7404,2659.241375380213,5332.482750760426,4.280471620142764,2.2513234281889187,17.34281262050106,15.183612495498704
gamma,2.5036 _ 13.3601,14.0845 _ 5.7374,2659.241377180687,5332.482754361374,4.28047848522828,2.2513313087999163,17.342542199850904,15.183306675037008
gamma,14.9763 _ 0.6608,13.4532 _ 5.2689,2659.2413677831173,5332.482735566235,4.280470853926438,2.251322227889662,17.342408576048808,15.183242338226494
gamma,11.9336 _ 7.5376,6.7942 _ 7.6401,2659.24136621084,5332.48273242168,17.342178398131942,15.183103768139581,4.280469080745429,2.2513218212997232
gamma,2.9636 _ 7.7382,2.3746 _ 12.9035,2659.241366550604,5332.482733101208,4.280470915030249,2.251320983588443,17.3423252350607,15.183184145790829
gamma,14.5929 _ 7.2742,2.8462 _ 2.5072,2659.2413668898257,5332.482733779651,17.342394989048007,15.183249988273813,4.280470129959999,2.251322009634825
gamma,6.854 _ 4.4973,0.2094 _ 13.7641,2659.241367133851,5332.482734267702,17.342516631031206,15.183333645036983,4.280470008110173,2.251321638402828
gamma,2.1163 _ 13.4316,11.5105 _ 9.13,2659.2413664652095,5332.482732930419,17.342353394307974,15.18316871401976,4.280467392079648,2.251319624004372
gamma,14.1833 _ 8.2076,7.6204 _ 0.7735,2659.241365987013,5332.482731974026,17.34241567146183,15.183242233052507,4.280470455689532,2.2513225377175163
gamma,6.8143 _ 0.8919,12.228 _ 0.8229,2659.2413737094626,5332.482747418925,17.342428741307003,15.18322675519786,4.280470694662955,2.2513223274548406
gamma,7.014 _ 6.6757,7.0832 _ 5.2958,2659.2414089425565,5332.482817885113,17.34242963206873,15.183238662177079,4.280470735416658,2.2513221753104284
gamma,11.1879 _ 1.1562,0.8055 _ 7.5974,2843.4289876800085,5700.857975360017,5.143318518239625,3.536893547717383,117306.80160579554,1.1932255762664212e-4
gamma,0.8817 _ 7.9691,13.5415 _ 3.8386,2659.241368143863,5332.482736287726,17.342513521547822,15.183344621972237,4.280474413284438,2.251325835282035
gamma,11.123 _ 7.2977,0.1205 _ 6.2057,2843.42898267541,5700.85796535082,22.0302996078807,0.0046126436275208595,5.143313834220211,3.536889034343648
gamma,0.3661 _ 9.9413,14.4275 _ 3.6483,2843.429176723052,5700.858353446104,5.143313331144891,3.5368867709977123,3.9394943545954487e-84,13868844193550068e31
gamma,7.0308 _ 2.7621,2.4601 _ 12.2064,2659.2413676224473,5332.482735244895,17.342136134605973,15.182966943221045,4.28046952085171,2.2513201394716664
gamma,7.9157 _ 5.4094,1.7854 _ 12.3456,2659.241366876844,5332.482733753688,4.280468411661966,2.251318188992617,17.34226315695397,15.183167018759269
gamma,8.353 _ 13.8433,6.3771 _ 14.4715,2659.2413659628587,5332.482731925717,4.280470272203711,2.2513229184404517,17.34241706433068,15.18323325440685
gamma,1.6188 _ 14.2042,12.4217 _ 5.6628,2659.2413665788504,5332.482733157701,4.280469782720182,2.2513199715923413,17.342360725284376,15.183223071604184
gamma,13.5709 _ 12.3858,6.4661 _ 1.8145,2843.429050166852,5700.858100333704,1.1209052055225502e-157,27712215965055075e81,5.143314434051608,3.536887291279744
gamma,13.3143 _ 3.5436,1.1787 _ 8.0178,2843.4289834830156,5700.857966966031,5.143314584460192,3.5368881380661166,161343355.26648876,4.61726793400662e-7
gamma,3.4782 _ 6.9557,10.778 _ 10.5305,2843.4291889084025,5700.858377816805,5.143312780360562,3.536886716640909,5233380.453452271,2.5100097269388907e-6
gamma,7.408 _ 11.2462,6.1751 _ 8.498,2659.24136615226,5332.48273230452,4.280472219741473,2.2513240144563085,17.342425020204765,15.183259371026
gamma,8.8118 _ 13.9814,1.1929 _ 1.873,2843.4289868292567,5700.857973658513,3.0779474700736308e-61,120774608835526e21,5.143314695950225,3.5368876876857542
gamma,9.5187 _ 2.5295,9.0027 _ 7.0833,2843.4291178520143,5700.858235704029,4.0151418856006644e-5,4.436761914105999e-5,5.143314058043042,3.536887446471667
gamma,0.2438 _ 3.2033,10.287 _ 13.5447,2659.241366389541,5332.482732779082,17.342237216006406,15.183031594844682,4.280467951809801,2.2513184988999093
gamma,3.9122 _ 10.5044,14.6489 _ 5.8919,2843.4291874369073,5700.858374873815,5.143314921182463,3.53688733397511,5.305415117505783e-8,48941.48477964145
gamma,11.1126 _ 5.5823,5.7631 _ 14.4624,2659.2414375201247,5332.482875040249,17.342420074963815,15.183297618976589,4.280477029468035,2.251328579866012
gamma,1.3969 _ 5.2001,2.7044 _ 0.3014,689.74680397274,1393.49360794548,5.732460020363839,3.8307417804567283,1.999999763980614,3.096282550282079e-7
gamma,3.9144 _ 7.577,10.288 _ 8.8137,2659.2413663020507,5332.482732604101,17.342411277204203,15.183242017249881,4.280470495846657,2.2513221439588915
gamma,11.2461 _ 12.412,14.6508 _ 3.4149,2817.9137876314358,5649.8275752628715,62.96823453912121,1.1531302488554038e-5,5.092252519059047,3.452577403482115
gamma,7.5194 _ 13.9242,12.5427 _ 11.8632,2659.2413666841735,5332.482733368347,4.280470385500027,2.251321935843152,17.34234738549659,15.183159537272806
gamma,7.1103 _ 1.957,4.7266 _ 14.8272,2659.241366229486,5332.482732458972,4.280469655336831,2.2513214137331623,17.342382332071214,15.18321193523554
gamma,8.704 _ 14.5909,6.2433 _ 13.0416,2659.24140145336,5332.48280290672,4.2804748458933775,2.251327858323799,17.342651133396977,15.183527837602503
gamma,4.8584 _ 13.7565,7.3228 _ 9.3672,2659.241366222057,5332.482732444114,4.280472158774231,2.2513235037258603,17.342539979401888,15.183391047228183
lnorm,16.9562 _ 17.2103,2.9959 _ 2.0452,2668.0351661231925,5350.070332246385,1.3830004988866742,0.6368324839459889,17.210300063134554,2.045198176637271
lnorm,16.0534 _ 1.8105,2.3654 _ 1.8256,2635.0942182438257,5284.188436487651,3.529584745643869,0.8204115186272797,1.3572339864770133,0.5885315050385168
lnorm,14.2475 _ 17.9227,2.8986 _ 0.1122,2668.035165805125,5350.07033161025,1.3830010147950256,0.6368322818917295,17.9227,0.11219999999999997
lnorm,-0.9437 _ 8.4825,2.6354 _ 1.526,2625.2595588000618,5264.5191176001235,1.2234385053596697,0.5244294528124135,1.745621222298025,0.7161296848326095
lnorm,11.3496 _ 8.4163,2.2409 _ 0.4441,2668.0351665819076,5350.070333163815,1.383001255531735,0.6368324955223674,8.4163,0.4441
lnorm,19.9799 _ 15.5364,1.4555 _ 1.8154,2668.035165964156,5350.070331928312,19.9799,1.4555,1.38300085990102,0.6368324222768935
lnorm,18.0047 _ -0.9939,1.5779 _ 2.7422,2668.035376254602,5350.070752509204,18.0047,1.5779,1.3830010210458368,0.6368322963009497
lnorm,0.222 _ 1.3964,1.868 _ 2.8323,2625.2595590553574,5264.519118110715,1.223438487627195,0.5244281957671956,1.7456185732090537,0.7161290944710764
lnorm,2.9682 _ -0.5055,2.1944 _ 0.7508,2625.259568558797,5264.519137117594,1.2234347642364825,0.5244279375373507,1.7456138764876972,0.7161291046153258
lnorm,18.031 _ 14.7106,1.8023 _ 0.8619,2668.0351658180684,5350.070331636137,1.3830012841895132,0.6368329341721023,14.7106,0.8619
lnorm,2.8902 _ 3.0807,1.3975 _ 0.1144,2668.0351683903245,5350.070336780649,1.3830009916792267,0.6368323137388792,-4.423961644094006,7835347.604718501
lnorm,0.8578 _ 2.0093,0.7519 _ 1.1206,2625.2595592981443,5264.5191185962885,1.2234401740202965,0.5244299593543399,1.7456315343536328,0.7161340081506764
lnorm,14.2428 _ 9.8621,2.9764 _ 2.1838,2668.035212644999,5350.070425289998,1.3830003450363784,0.6368321905172778,-24.875121137793577,2987116273840514e105
lnorm,14.7965 _ 7.2681,2.1047 _ 0.8216,2668.035166444365,5350.07033288873,-7.0680602418791585,2125379278404645e110,1.383001040506169,0.6368322653731815
lnorm,13.0969 _ 17.055,0.9317 _ 0.2155,2668.035166358985,5350.07033271797,1.383000983104288,0.6368322797399522,17.055,0.2155
lnorm,7.5863 _ 9.6084,0.8146 _ 0.1532,2668.035166994856,5350.070333989712,1.3830013848844613,0.6368328275903485,9.6084,0.1532
lnorm,17.7118 _ 15.2363,0.0023 _ 0.6503,2668.0351667134996,5350.070333426999,17.7118,0.0023,1.3830014345448511,0.6368321077404027
lnorm,10.7907 _ 9.6102,1.7413 _ 2.9151,2625.259560145351,5264.519120290702,1.7456201236706748,0.7161285190560178,1.2234390509458106,0.5244303084780888
lnorm,11.2808 _ 18.2098,0.224 _ 1.7477,2668.035165672725,5350.07033134545,11.2808,0.22399999999999998,1.3830010447150034,0.6368322726843277
lnorm,18.3643 _ 17.6842,0.5736 _ 0.5392,2668.035169927536,5350.070339855072,1.3830007236728208,0.6368327336689326,17.68419692379123,0.539221691533513
lnorm,3.768 _ 13.4697,2.3259 _ 0.3529,2668.035169699286,5350.070339398572,1.3830012154569498,0.6368322590968681,13.4697,0.35289999999999994
lnorm,9.5449 _ 7.6292,1.6922 _ 0.1886,2668.0351656921166,5350.070331384233,1.383001002754698,0.6368324053076365,7.6292,0.1886
lnorm,3.1562 _ 1.9444,1.8022 _ 2.2284,2668.0353100833436,5350.070620166687,1.3830009054312564,0.6368323212582225,-0.7410322022785326,2.5392247100565637e-8
lnorm,12.9107 _ 17.1164,0.7589 _ 1.0159,2668.0351659221637,5350.0703318443275,-159.32346946508633,Inf,1.383001349196802,0.6368321760897617
lnorm,15.4047 _ 4.7961,2.0694 _ 1.9013,2668.0351658265868,5350.0703316531735,15.227807595929697,12.702995301821991,1.3830011939266003,0.6368318524328066
lnorm,12.9188 _ 0.3344,1.8968 _ 1.0816,2635.0942182444437,5284.188436488887,3.5295960669366906,0.8204067586723643,1.357233991804905,0.5885313419689565
lnorm,9.0927 _ 6.3838,1.5745 _ 2.1455,2625.259559339769,5264.519118679538,1.7456206064674236,0.7161285130803524,1.223436264406139,0.5244280230222912
lnorm,13.8132 _ 16.1266,0.2698 _ 2.1414,2668.035165755504,5350.070331511008,13.8132,0.2698,1.383000903155712,0.6368323716711746
lnorm,12.4659 _ 1.8614,0.7305 _ 1.5334,2668.0353336489393,5350.070667297879,12.4659,0.7305,1.3830010268750155,0.6368322773465704
lnorm,3.8403 _ 3.3077,2.8636 _ 1.5125,2668.035364532005,5350.07072906401,1.3830007790616012,0.6368315995641514,-11.32669852098068,43019.62824570396
lnorm,13.2111 _ 9.4506,2.3771 _ 2.0839,2668.0351675029265,5350.070335005853,1.3830008032443069,0.6368320740864806,-436.0574102456709,Inf
lnorm,14.0663 _ 3.0865,1.2116 _ 2.3287,2668.0351755255633,5350.070351051127,14.066244541554191,1.2122165531437463,1.3830006398716241,0.6368330163405249
lnorm,0.5945 _ 6.0388,2.3655 _ 1.6759,2625.25955910392,5264.51911820784,1.2234370577896385,0.5244285809473834,1.7456186854489895,0.7161284541203095
lnorm,17.6307 _ 7.9299,1.0258 _ 1.0726,2668.035165756177,5350.070331512354,17.6307,1.0258,1.38300042929746,0.6368321686991796
lnorm,19.9003 _ 3.1702,0.0407 _ 2.278,2668.0351781363415,5350.070356272683,19.9003,0.0407,1.3830004465235917,0.6368319477759182
lnorm,7.9299 _ 4.0314,0.7928 _ 2.9237,2625.2595587476194,5264.519117495239,1.7456202619837933,0.7161284502351103,1.2234367741969034,0.5244284811811122
lnorm,4.3558 _ 0.4366,2.6083 _ 0.2463,2625.2595641699095,5264.519128339819,1.7456208050417321,0.7161276848174204,1.2234365821684383,0.5244286029574668
lnorm,18.6832 _ 12.6315,0.6122 _ 0.8326,2668.036041789891,5350.072083579782,18.6832,0.6122,1.3832387731982767,0.6369003249657298
lnorm,12.5677 _ 11.2441,2.1701 _ 1.7952,2668.0351657004076,5350.070331400815,-14.660521236705613,12826304516495079e112,1.383001021419869,0.6368322749493581
lnorm,10.5739 _ 6.19,2.164 _ 1.7479,2668.035165981073,5350.070331962146,1.3830012699519203,0.636832823430802,-371.2453679391815,Inf
lnorm,9.6881 _ 2.971,1.6168 _ 0.4133,2668.0351658068194,5350.070331613639,1.3830005794121,0.6368316248697727,-46.43801312344458,16759080297300194e19
lnorm,7.0694 _ 5.1645,2.3762 _ 2.2667,2625.2595685703536,5264.519137140707,1.7456201052662779,0.7161288921939584,1.2234375282138652,0.5244284713154684
lnorm,10.5088 _ 12.2885,2.9181 _ 0.4505,2668.0351666850447,5350.070333370089,1.3830011223696819,0.6368322503057852,12.2885,0.4505
lnorm,9.6662 _ 5.8215,0.6948 _ 2.0887,2668.0351656900352,5350.0703313800705,9.666199126579677,0.6948034193650201,1.383001214960669,0.636832339295775
lnorm,17.0099 _ 11.8825,1.24 _ 1.2587,2668.0351656751395,5350.070331350279,17.0099,1.24,1.383000364545184,0.6368321681665304
lnorm,6.5125 _ 5.1172,1.3192 _ 2.4832,2625.2595596931205,5264.519119386241,1.7456179357144714,0.7161284547592232,1.2234368519793695,0.52442873914019
lnorm,17.3549 _ 18.6288,2.3042 _ 0.2982,2668.0351661356026,5350.070332271205,1.3830015019734847,0.6368324563247585,18.6288,0.2982
lnorm,5.0295 _ 15.033,1.2504 _ 0.546,2668.0351659377657,5350.070331875531,1.3830010758901103,0.6368326067306191,15.033,0.546
lnorm,4.1847 _ 7.9743,2.8665 _ 0.186,2668.0351741903205,5350.070348380641,1.3830012710592838,0.6368324561595428,7.9743,0.186
lnorm,16.9481 _ 0.1202,0.1855 _ 2.2174,2668.0353490864018,5350.0706981728035,16.9481,0.1855,1.383001242321839,0.6368325127833415
lnorm,11.21 _ 8.4858,2.4738 _ 0.7568,2668.035165125418,5350.070330250836,1.383000559273387,0.6368320716738706,8.379595637746645,1.1069310291845462
lnorm,16.9774 _ 12.2646,1.5754 _ 0.9567,2668.0351666887486,5350.070333377497,14.925123358372465,9303228554521984e85,1.3830009275663215,0.6368322462885276
lnorm,1.6701 _ 12.2935,1.6584 _ 1.8892,2635.094218243078,5284.188436486156,1.3572342171032556,0.5885316129488394,3.529590515360679,0.8204120285430845
lnorm,0.513 _ -0.4709,1.6993 _ 1.4698,2625.259573241395,5264.51914648279,1.2234378143434366,0.5244281221811233,1.7456235131430413,0.7161298564145044
lnorm,2.9346 _ 6.5724,2.2527 _ 0.3522,2625.259559113016,5264.519118226032,1.2234375027569988,0.5244271535663869,1.7456222057370663,0.716131450275933
lnorm,-0.9824 _ 7.4903,0.2957 _ 0.2652,2668.035328474859,5350.070656949718,278.27228386910105,15303684510207517e282,1.3830009529949283,0.6368322036184243
lnorm,17.6952 _ 0.5771,2.8828 _ 1.1431,2635.0942182454687,5284.188436490937,3.529580037307372,0.8204126728402387,1.3572335019399868,0.5885313877836026
lnorm,17.0039 _ 11.6324,0.0428 _ 2.4065,2668.0351659895805,5350.070331979161,17.0039,0.04279999999999999,1.383001499756671,0.6368325030770952
lnorm,11.1084 _ 0.5078,1.5185 _ 1.6371,2635.094217931828,5284.188435863656,3.5295958316884555,0.82040241406922,1.35723417869591,0.5885314046313235
lnorm,12.7686 _ 9.812,0.3499 _ 0.8546,2668.0351658150103,5350.0703316300205,12.7686,0.34989999999999993,1.38300157546019,0.6368319704021584
lnorm,9.7142 _ 3.8244,0.0362 _ 0.1278,2668.0351733452394,5350.070346690479,9.7142,0.0362,1.383001147968795,0.6368325330445661
lnorm,5.7855 _ 0.3428,2.4607 _ 1.9379,2625.2595644921275,5264.519128984255,1.7456197704661036,0.7161277621037234,1.2234372012990817,0.524428445453243
lnorm,12.2842 _ 4.4223,2.3169 _ 1.4274,2635.094218244097,5284.188436488194,3.529574213956853,0.8204171588963858,1.3572339927323482,0.5885313588807015
lnorm,7.6642 _ 19.3441,2.8987 _ 2.6511,2668.035169624955,5350.07033924991,1.3830008674265386,0.6368318350172116,19.343758637391954,2.6639376862089104
lnorm,0.3001 _ 19.8677,2.4644 _ 1.3551,2668.0351697233295,5350.070339446659,1.383000390901684,0.6368323848571279,19.8677,1.3551
lnorm,12.1233 _ -0.7674,2.8506 _ 2.9114,2635.094218248506,5284.188436497012,3.529560524104806,0.8204322452954144,1.3572334360143001,0.5885313874460989
lnorm,4.2775 _ 11.3039,1.0278 _ 2.4459,2668.0351666031233,5350.070333206247,-282.4689563522659,Inf,1.3830015320193574,0.6368322200667677
lnorm,15.963 _ 1.7685,0.0959 _ 0.859,2668.0352487209157,5350.070497441831,15.963,0.09589999999999999,1.3830016897296158,0.6368328890889758
lnorm,4.1409 _ 16.5214,1.6418 _ 1.5579,2668.035165904605,5350.07033180921,1.3830011177773787,0.636831926689993,16.521399925465428,1.5579016464503526
lnorm,5.1659 _ 12.3631,0.129 _ 1.9697,2668.0352633143743,5350.070526628749,1.3830009687235432,0.6368321941389796,-258.6043572536298,Inf
lnorm,4.6704 _ 17.5771,2.585 _ 2.0449,2668.03516921291,5350.07033842582,1.3830009390627407,0.6368323194046159,17.576996959263944,2.047536666929417
lnorm,19.5902 _ 19.266,0.0944 _ 1.5628,2668.03516921291,5350.07033842582,1.3830009390627407,0.6368323194046159,17.576996959263944,2.047536666929417
lnorm,-0.6185 _ 11.1468,0.1152 _ 0.2279,2668.035182041876,5350.070364083752,1036.8483773844441,Inf,1.3830004772282913,0.6368322518434627
lnorm,14.5285 _ 14.0135,2.5399 _ 0.562,2668.0351658044997,5350.070331608999,1.3830011208298665,0.6368322880651606,14.0135,0.562
lnorm,5.3153 _ 13.7806,0.1748 _ 0.427,2668.0351693636035,5350.070338727207,1.3830010011083915,0.6368323631454823,13.7806,0.427
lnorm,1.3105 _ 0.7448,1.9748 _ 2.5439,2594.159869063575,5202.31973812715,1.9756195571995465,3.0136332564723413e-6,1.3783491705757052,0.6370646890135528
lnorm,9.2511 _ 7.1792,2.9304 _ 1.3564,2668.0352366963966,5350.070473392793,-210.36903596623233,Inf,1.3830010066542315,0.6368316893423928
lnorm,5.6084 _ 15.0583,2.0737 _ 2.1121,2668.0351793434133,5350.070358686827,1.3830012333240005,0.6368320077749812,14.970675281198142,5.019892297701194
lnorm,19.5436 _ 16.8482,2.7129 _ 2.6673,2668.0351717293606,5350.070343458721,1.3830008782598944,0.636832379378622,-141.84476772785504,Inf
lnorm,1.0333 _ 5.1244,0.6256 _ 2.3888,2625.259566802145,5264.51913360429,1.223439658222144,0.5244299107369602,1.7456179419411313,0.7161287473589263
lnorm,14.9105 _ 1.843,1.0872 _ 1.7558,2668.035373695036,5350.070747390072,14.9105,1.0872,1.3830010334315719,0.6368321971158177
lnorm,11.591 _ 16.3685,2.8713 _ 2.9166,2668.0351656864354,5350.070331372871,1.3830005303937238,0.6368318338511665,16.366377595490142,2.9872342141107766
lnorm,5.6093 _ 2.9708,2.5503 _ 1.2357,2625.2595639169244,5264.519127833849,1.7456196831230875,0.7161275480145444,1.2234372764069459,0.5244287985952302
lnorm,8.3895 _ 0.1897,0.5355 _ 1.4671,2668.035408061277,5350.070816122554,8.389259927949949,0.535957696375687,1.383001014350189,0.6368324177535261
lnorm,15.6178 _ 0.0327,0.188 _ 0.8649,2668.0352415427733,5350.070483085547,15.6178,0.188,1.3830015416111368,0.6368326521775933
lnorm,12.0521 _ 19.3335,2.0312 _ 2.3435,2668.035165802391,5350.070331604782,1.383001113275533,0.636831893735733,19.333528706346325,2.3424899992002013
lnorm,14.3984 _ 9.9225,0.8032 _ 0.3685,2668.0352552558365,5350.070510511673,1.3830015011131145,0.6368325440953821,9.9225,0.3685
lnorm,8.1658 _ 7.7566,0.4882 _ 0.11,2668.035165702177,5350.070331404354,1.3830010723014912,0.6368321268961894,7.7566,0.11000000000000001
lnorm,-0.2697 _ 8.981,2.0031 _ 0.7449,2625.259558774038,5264.519117548076,1.2234375064139524,0.5244287495059171,1.7456195445488272,0.7161292233146873
lnorm,1.093 _ 14.825,1.8394 _ 2.1367,2635.094218244678,5284.188436489356,1.3572337878492629,0.5885314213028288,3.529578190216889,0.8204121021976675
lnorm,19.6816 _ 3.3105,1.1349 _ 0.5088,2668.0351659905036,5350.070331981007,19.6816,1.1349,1.383000354968217,0.6368324214319263
lnorm,9.162 _ 5.4478,2.3065 _ 1.8444,2668.035165726478,5350.070331452956,1.3830010635218937,0.6368323933444272,-120.45793668820528,1720554544207379e167
lnorm,7.0147 _ 8.632,2.9173 _ 0.4686,2668.0351657993115,5350.070331598623,1.383000931722346,0.6368323847214312,8.632,0.4686
lnorm,12.6773 _ 19.106,2.0249 _ 1.7275,2668.035198705327,5350.070397410654,1.383001276869328,0.6368328150713356,19.106,1.7275
lnorm,16.1654 _ 19.5278,0.4694 _ 2.0246,2668.0351845421046,5350.070369084209,16.1654,0.4694,1.3830015788704182,0.6368320118366271
lnorm,10.9159 _ 4.4011,1.3017 _ 1.4726,2635.0942182112854,5284.188436422571,3.529608234483511,0.8204011961416333,1.3572342128483628,0.5885320591939183
lnorm,1.5397 _ 6.4069,0.252 _ 1.567,2625.259566257281,5264.519132514562,1.2234368845756634,0.5244289390068927,1.7456158455265234,0.716129262801736
lnorm,17.6984 _ 13.3747,0.4783 _ 0.0828,2668.0351657226565,5350.070331445313,1.38300170083075,0.6368324678932424,13.3747,0.0828
lnorm,4.8914 _ 10.7203,0.6091 _ 0.6749,2668.0351666809916,5350.070333361983,1.3830007684127998,0.636832304657762,10.720299873219114,0.6749005038514496
lnorm,-0.4359 _ 10.7575,1.4365 _ 1.4363,2635.094217944489,5284.188435888978,1.3572335766322587,0.5885310830497384,3.529562466365099,0.8204305246609351
